1|r|쒀|10|24|15|15|6|29|18|59|7|29|5|18|1|12|49|0|0|0|0
2|@|쒀|10|24|15|15|6|29|18|49|7|29|5|18|1|10|49|0|0|0|0
3|߉|ym|||||||||||||||||||
6||쒀|10|24|15|15|6|29|18|49|7|29|5|18|1|15|69|0|0|0|0
7|O|쒀|10|24|15|15|6|29|18|49|7|29|5|18|1|10|49|0|0|0|0
9||쒀|10|29|15|20|10|29|27|79|10|39|5|19|1|17|49|0|0|0|0
10||쒀|10|29|15|20|10|29|27|69|10|39|5|19|1|10|49|0|0|0|0
11|[|쒀|10|29|15|20|10|29|27|69|10|39|5|19|1|10|49|0|0|0|0
12|g|쒀|10|29|15|20|10|29|27|69|10|39|5|19|1|10|49|0|0|0|0
13|g|쒀|10|29|15|20|10|29|27|79|12|39|5|19|1|12|49|0|0|0|0
14|~g|쒀|10|29|15|20|10|29|27|69|12|39|5|19|1|10|49|0|0|0|0
15||쒀|10|29|15|20|10|29|27|69|12|39|5|19|1|10|49|0|0|0|0
16||쒀|10|29|15|20|10|29|27|69|12|39|5|19|1|20|79|0|0|0|0
17|z|쒀|10|34|15|20|10|29|24|79|12|39|6|19|1|12|49|0|0|0|0
18|sm|쒀|10|34|15|20|10|29|24|69|9|39|6|19|1|10|49|0|0|0|0
19||쒀|10|34|15|20|10|29|24|69|9|39|6|19|1|10|49|0|0|0|0
20|ᕗ|쒀|10|39|15|20|10|29|24|79|12|49|7|29|1|50|99|0|0|0|0
21||ym|10|39|25|25|14|49|24|89|13|59|10|29|2|12|49|1|1|0|0
22|܏\|ym|10|39|25|25|14|39|24|79|13|49|10|29|2|10|49|1|1|0|0
23|R|ym|10|39|25|25|14|39|24|79|13|49|10|29|2|10|49|1|1|0|0
24||ym|10|39|25|25|14|49|24|89|13|59|11|29|2|17|49|0|0|0|0
25|k|ym|10|39|25|25|14|39|24|79|13|49|10|29|2|15|69|0|0|0|0
26|}K||5|89|85|120|74|94|0|0|23|79|59|79|3|5|39|3|3|3|3
27|R||5|89|85|120|74|94|0|0|23|79|59|79|3|5|39|3|3|3|3
28|H|쒀|10|24|15|15|6|29|18|49|7|29|5|18|1|10|49|0|0|0|0
29||쒀|10|24|15|15|6|29|18|49|7|29|5|18|1|10|49|0|0|0|0
30|e|쒀|10|24|15|15|6|29|18|49|7|29|5|18|1|10|49|0|0|0|0
31|]|쒀|10|24|15|15|6|29|18|49|7|29|5|18|1|10|49|0|0|0|0
32||쒀|10|29|15|20|10|29|27|69|10|39|5|19|1|10|49|0|0|0|0
33|p_|쒀|10|29|15|20|10|29|27|69|10|39|5|19|1|10|49|0|0|0|0
34||쒀|10|30|15|20|10|29|27|79|12|39|6|19|1|12|49|0|0|0|0
35||쒀|10|30|15|20|10|29|27|69|12|39|6|19|1|10|49|0|0|0|0
36||쒀|10|30|15|20|10|29|27|69|12|39|6|19|1|10|49|0|0|0|0
37|d|쒀|10|30|15|20|10|29|27|69|12|39|6|19|1|10|49|0|0|0|0
38|t|쒀|10|31|15|20|10|29|27|79|12|39|6|19|1|12|49|0|0|0|0
39|q|쒀|10|31|15|20|10|29|27|69|9|39|6|19|1|10|49|0|0|0|0
40|t|쒀|10|31|15|20|10|29|27|69|9|39|6|19|1|10|49|0|0|0|0
41||쒀|10|31|15|20|10|29|27|69|9|39|6|19|1|10|49|0|0|0|0
42|I|쒀|10|32|15|20|10|29|24|79|12|39|6|19|1|12|49|0|0|0|0
43|J|쒀|10|32|15|20|10|29|24|69|9|39|6|19|1|10|49|0|0|0|0
44|J|쒀|10|32|15|20|10|29|24|69|9|39|6|19|1|10|49|0|0|0|0
45|[|쒀|10|32|15|20|10|29|24|69|9|39|6|19|1|10|49|0|0|0|0
46|܌J|쒀|10|32|15|20|10|29|24|69|9|39|6|19|1|10|49|0|0|0|0
47||쒀|10|32|15|20|10|29|24|79|9|39|6|19|1|12|49|0|0|0|0
48||쒀|10|33|15|20|10|29|24|69|9|39|6|19|1|10|49|0|0|0|0
49||쒀|10|33|15|20|10|29|24|69|9|39|6|19|1|15|59|0|0|0|0
50||쒀|10|39|20|25|12|29|45|89|14|49|8|29|1|10|49|0|0|0|0
51|V|ym|10|35|25|20|11|39|18|59|8|39|7|29|2|17|49|0|0|0|0
52|c|ym|10|35|25|20|11|39|18|59|8|39|7|29|2|17|49|0|0|0|0
53||ym|10|39|25|25|14|39|24|79|13|49|10|29|2|10|49|1|1|0|0
54||ym|10|39|25|25|14|49|24|89|13|59|11|29|2|12|49|1|1|0|0
55|_|ym|10|39|25|25|14|39|24|79|13|49|11|29|2|10|49|1|1|0|0
56|߉|ym|10|39|25|25|14|39|24|79|13|49|11|29|2|10|49|1|1|0|0
57||dm|10|49|25|50|8|39|80|99|13|39|12|39|2|10|49|0|0|0|0
58|k|dm|10|49|25|50|8|39|80|99|13|39|12|39|2|15|69|0|0|0|0
59|Ñ|dm|10|49|35|50|30|54|12|59|16|59|25|34|2|10|49|2|2|2|0
60||dm|10|49|35|50|30|49|12|49|16|49|25|34|2|10|49|2|2|2|0
61|t|dm|10|49|35|50|30|54|12|59|16|59|26|37|2|20|69|2|2|2|0
62||dm|10|60|40|65|40|59|24|59|16|64|32|49|2|10|49|2|2|2|0
63|ߒq|dm|10|56|40|65|40|54|24|49|16|54|32|49|2|10|49|2|2|2|0
64||dm|10|56|40|65|40|54|24|49|16|54|32|49|2|10|49|2|2|2|0
65|H|dm|10|56|40|65|40|54|24|49|16|54|32|49|2|10|49|2|2|2|0
66|Y|dm|10|60|40|65|40|59|24|59|18|66|35|49|2|10|49|2|2|2|0
67||dm|10|60|40|65|40|54|24|59|18|56|35|49|2|10|49|2|2|2|0
68||dm|10|57|40|65|40|54|24|49|18|56|35|49|2|10|49|2|2|2|0
69|C|dm|10|57|40|65|40|54|24|49|18|56|35|49|2|10|49|2|2|2|0
70|ŏ|dm|10|59|40|65|40|59|18|69|20|59|31|59|2|10|49|2|2|2|0
71||dm|10|62|45|60|32|59|24|59|20|67|36|59|2|10|49|3|3|3|0
72|}|dm|10|62|45|60|32|59|24|59|20|67|36|59|2|10|49|3|3|3|0
73|ŏ|q󏄗m|10|67|50|55|24|75|18|69|20|59|37|71|2|10|69|5|6|5|3
74|˖P|y|10|55|35|35|0|19|0|0|14|29|19|39|1|10|49|18|9|3|0
75||y|5|64|40|40|0|19|0|0|21|59|21|39|1|10|49|12|18|18|10
76||y|10|54|35|35|0|19|0|0|16|29|17|39|1|10|49|9|24|5|0
77|ɐ||5|89|85|120|74|89|0|0|28|79|70|89|3|15|69|3|3|3|3
78|||10|79|80|110|63|89|0|0|24|69|52|69|3|12|49|3|3|3|0
79|Y||10|79|80|110|63|89|0|0|24|69|52|69|3|15|69|3|3|3|0
80|||5|94|100|130|82|99|0|0|31|89|75|89|3|20|79|3|3|3|3
81|||5|94|100|130|82|99|0|0|31|89|75|89|3|3|39|3|3|3|3
82|ɐ|q|5|89|95|105|63|79|0|0|45|89|74|92|3|30|79|11|11|11|14
83|ԏ|K|10|79|60|55|0|39|0|0|32|69|28|54|1|12|49|18|18|27|10
84||K|10|89|60|55|0|39|0|0|28|69|29|59|1|10|49|18|18|45|12
85|||10|79|80|110|63|89|0|0|24|69|52|69|3|10|49|3|3|3|0
86|b||10|79|80|110|63|89|0|0|24|69|52|69|3|10|49|3|3|3|0
87|||5|89|85|120|74|94|0|0|28|79|70|89|3|15|69|3|3|3|3
88||q|5|89|95|105|63|79|0|0|45|89|74|92|3|30|79|11|11|11|14
89|P|y|5|49|25|25|0|19|0|0|10|29|15|39|1|20|69|8|11|0|0
90||K|10|79|50|50|0|29|0|0|26|69|27|49|1|10|49|12|27|18|7
91||K|10|79|50|50|0|29|0|0|26|69|27|49|1|35|89|12|27|18|7
92||y|5|64|40|40|0|19|0|0|21|59|21|39|1|20|79|12|18|18|10
93|O|쒀|10|29|15|20|10|29|27|69|12|39|5|19|1|10|49|0|0|0|0
94||쒀|10|29|15|20|10|29|27|69|12|39|5|19|1|10|49|0|0|0|0
95||쒀|10|33|15|20|10|29|24|79|12|39|6|19|1|12|49|0|0|0|0
96|咪|쒀|10|33|15|20|10|29|24|69|9|39|6|19|1|10|49|0|0|0|0
97||쒀|10|33|15|20|10|29|24|69|9|39|6|19|1|10|49|0|0|0|0
98|r|쒀|10|33|15|20|10|29|24|69|9|39|6|19|1|10|49|0|0|0|0
99||ym|10|39|25|25|14|49|24|89|13|59|10|29|2|12|49|1|1|0|0
100||ym|10|39|25|25|14|39|24|79|13|49|10|29|2|10|49|1|1|0|0
101|ؑ\|ym|10|39|25|25|14|39|24|79|13|49|10|29|2|10|49|1|1|0|0
102||@|10|59|35|35|9|29|0|0|14|29|18|39|1|10|49|12|12|0|0
103|c|@|10|59|35|35|9|29|0|0|14|29|18|39|1|10|49|12|12|0|0
104|Ή|@|10|59|35|40|9|29|0|29|15|29|20|39|1|10|49|12|6|6|0
105|c|@|10|59|35|40|9|29|0|29|15|29|20|39|1|10|49|12|6|6|0
106|΍b|@|10|59|35|45|9|29|15|72|17|39|21|39|1|10|59|12|6|6|0
107|cb|@|10|59|35|45|9|29|15|72|17|39|21|39|1|10|59|12|6|6|0
108|΍q|y|10|59|40|40|0|19|0|0|20|49|25|39|1|10|59|21|9|6|0
109|cq|y|10|59|40|40|0|19|0|0|20|49|25|39|1|10|59|21|9|6|0
110|Ē|K|10|79|55|55|0|39|0|0|29|69|33|49|1|10|49|21|21|21|12
111||K|10|79|55|55|0|39|0|0|29|69|33|49|1|40|89|21|21|21|12
112|߉|K|10|90|65|70|0|39|0|0|40|79|42|72|1|42|89|24|24|24|12
113|S{|ym|10|39|25|25|14|39|24|79|13|49|10|29|2|12|49|1|1|0|0
114|G|ym|10|39|25|25|14|39|24|79|13|49|10|29|2|12|49|1|1|0|0
115|[|ym|10|33|20|30|17|42|20|69|10|42|10|29|2|12|49|0|0|0|0
116|P|y|10|55|35|35|0|19|0|0|14|29|19|39|1|30|79|18|9|3|0
117|P|y|10|69|40|40|0|29|0|0|18|39|25|59|1|40|89|18|12|12|6
118||dm|10|59|25|75|17|63|90|139|15|49|23|63|2|13|49|0|0|0|0
119|k|dm|10|59|25|75|17|63|90|139|15|49|23|63|2|30|79|0|0|0|0
120|OG|dm|10|59|40|65|40|59|18|69|18|59|30|59|2|5|49|2|2|2|0
121|OG|q󏄗m|10|67|50|55|24|75|18|69|20|59|37|71|2|10|69|5|6|5|3
122||쒀|10|34|15|20|10|29|24|69|9|39|6|19|1|10|49|0|0|0|0
123|ߊ}|dm|10|49|35|50|30|54|12|59|16|59|26|37|2|20|69|2|2|2|0
124|J|dm|10|59|40|65|40|59|18|69|18|59|30|59|2|5|49|2|2|2|0
125|F|dm|10|59|40|65|40|59|18|69|18|59|30|59|2|5|49|2|2|2|0
126|168||5|17|10|20|2|7|24|59|0|0|3|17|1|10|49|0|0|0|0
127|58||5|19|10|20|2|9|30|69|0|0|4|19|1|40|79|0|0|0|0
128|8||5|19|10|20|2|9|30|69|0|0|4|19|1|20|59|0|0|0|0
129|J|q󏄗m|10|67|50|55|24|75|18|69|20|59|37|71|2|10|69|5|6|5|3
130|F|q󏄗m|10|67|50|55|24|75|18|69|20|59|37|71|2|10|69|5|6|5|3
131|a||5|98|250|300|96|129|0|0|50|94|88|108|4|12|79|7|7|7|7
132|H_|쒀|10|34|15|20|10|29|24|69|9|39|6|19|1|14|49|0|0|0|0
133|[_|쒀|10|34|15|20|10|30|24|69|9|39|6|19|1|12|49|0|0|0|0
134|_|쒀|10|34|15|20|10|30|24|69|9|39|6|19|1|11|49|0|0|0|0
135|g|쒀|10|34|15|20|10|30|24|69|9|39|6|19|1|13|49|0|0|0|0
136|a||5|108|250|325|92|139|0|0|68|104|92|118|4|13|79|7|7|7|7
137||ym|10|45|30|35|20|42|24|72|17|60|17|32|2|10|49|2|2|2|0
138|\|ym|10|45|30|35|20|42|24|72|17|60|17|32|2|10|49|2|2|2|0
139||ym|10|45|30|35|20|42|24|72|17|63|17|33|2|13|59|2|2|2|0
140||ym|10|45|30|35|19|41|23|71|17|62|17|32|2|20|49|2|2|2|0
141|܏\|ym|10|59|25|30|18|59|24|79|45|84|30|69|1|13|67|0|0|0|0
142|ߊ}|dm|10|65|35|65|38|78|24|74|22|66|35|73|2|13|65|2|2|2|2
143|||5|98|250|300|96|129|0|0|50|94|88|108|4|10|79|7|7|7|7
144|[|쒀|10|58|15|20|17|73|37|93|16|59|14|52|1|20|59|0|0|0|0
145|J|쒀|10|49|15|20|13|57|28|84|24|72|14|52|1|50|79|0|0|0|0
146|ؑ\|dm|10|59|25|50|18|64|80|110|24|72|24|65|2|13|69|0|0|0|0
147|Bu~z|쒀|10|49|15|25|13|54|30|89|18|59|15|57|1|20|77|0|0|0|0
148|||5|108|250|325|92|139|0|0|60|99|92|119|4|9|79|7|7|7|7
149|||10|99|100|125|76|98|0|0|30|84|70|94|3|15|79|3|3|3|3
150|b||10|99|100|125|76|98|0|0|30|82|72|95|3|13|79|3|3|3|3
151|Y||10|99|100|125|75|96|0|0|41|92|70|93|3|41|89|3|3|3|3
152|||10|99|100|125|78|104|0|0|30|82|70|92|3|14|79|3|3|3|3
153|P|b|10|87|70|65|0|49|0|0|42|79|40|79|1|2|19|18|18|18|7
154||Km|5|48|30|15|14|28|12|28|14|42|9|27|2|10|49|1|1|1|0
155|401||5|24|20|15|2|9|36|72|0|0|5|24|1|20|59|3|0|0|0
156|P|b|10|90|90|75|0|59|0|0|45|86|44|84|1|4|39|30|24|24|8
157|鈉|y|10|72|40|45|0|40|0|0|24|48|28|62|1|15|59|18|28|6|3
158||ym|10|64|25|35|24|67|26|88|20|70|29|69|2|14|79|1|1|1|0
159|_ʉ|ym|10|63|25|35|27|70|38|98|18|68|29|69|2|13|79|1|1|1|0
160|߉ω|ym|10|62|25|35|22|68|28|84|24|72|29|68|2|13|69|1|1|1|0
161||g|5|49|40|10|6|19|0|0|13|29|13|33|1|10|39|0|0|0|0
163|܂||5|9|10|5|1|3|0|9|0|0|2|9|1|7|77|0|0|0|0
164|퐶|쒀|10|24|15|15|6|29|18|49|7|29|5|18|1|10|49|0|0|0|0
165|K|쒀|10|24|15|15|6|29|18|49|7|29|5|18|1|10|49|0|0|0|0
166|ۉ|g|5|59|45|25|8|33|0|0|15|37|15|43|1|13|49|8|8|8|0
167|镗|쒀|10|34|15|20|10|29|24|69|14|44|6|19|1|16|54|0|0|0|0
168|Y|쒀|10|34|15|20|10|29|24|69|10|40|6|19|1|13|49|0|0|0|0
169|J|쒀|10|34|15|20|10|29|24|69|10|40|6|19|1|14|49|0|0|0|0
170|l|쒀|10|34|15|20|10|29|24|69|13|42|6|19|1|15|49|0|0|0|0
171|Bismarck||10|96|90|110|64|88|0|0|18|48|67|83|3|8|69|4|4|4|4
172|Bismarck||10|99|95|115|70|93|0|0|24|58|77|93|3|10|79|4|4|4|4
173|Bismarck zwei||10|99|105|135|70|97|0|0|25|62|80|94|3|20|82|4|4|4|4
174|Z1|쒀|10|29|20|20|8|26|24|60|12|42|8|22|1|6|39|0|0|0|0
175|Z3|쒀|10|29|20|20|8|26|24|60|12|42|8|22|1|6|39|0|0|0|0
176|Prinz Eugen|dm|10|72|50|70|38|56|32|64|16|44|38|64|2|30|79|3|3|3|0
177|Prinz Eugen|dm|10|79|55|75|48|75|40|84|18|60|48|82|2|40|89|3|3|3|3
178|Bismarck drei||10|99|110|155|74|99|16|36|35|70|82|95|3|22|84|4|4|4|4
179|Z1 zwei|쒀|10|59|20|25|12|49|27|71|20|64|18|53|1|15|49|0|0|0|0
180|Z3 zwei|쒀|10|59|20|25|10|47|27|71|24|68|18|53|1|15|49|0|0|0|0
181|VÕ|쒀|10|37|20|20|10|29|28|79|22|53|7|25|1|18|59|0|0|0|0
182||H|5|48|50|10|4|14|0|0|10|24|7|19|1|10|39|0|0|0|0
183|嗄|ym|10|47|35|30|24|48|0|39|18|62|19|34|2|24|69|0|6|6|0
184|~||5|55|35|10|5|15|0|0|16|36|15|37|1|20|59|2|3|3|0
185|P|y|5|57|35|35|0|20|0|0|24|48|18|38|1|20|69|18|7|6|0
186|Õ|쒀|10|34|15|20|10|29|24|69|10|40|6|19|1|13|49|0|0|0|0
187|Ή|H|5|58|55|15|6|24|0|0|16|36|9|27|1|12|49|0|0|0|0
188||q󏄗m|10|72|50|65|46|77|32|82|32|82|48|79|2|15|69|2|2|9|5
189|}|q󏄗m|10|72|50|65|46|77|33|83|33|83|48|79|2|14|67|2|2|9|5
190||쒀|10|34|15|20|10|29|24|69|9|39|6|19|1|10|49|0|0|0|0
191|19||5|19|10|20|2|9|36|79|0|0|4|18|1|12|49|0|0|0|0
192|ߒq|dm|10|71|45|75|50|80|34|84|33|83|48|78|2|18|70|2|2|4|4
193||dm|10|71|45|75|53|82|34|84|26|74|47|79|2|20|72|2|2|4|4
194|H|dm|10|71|45|75|52|84|34|84|24|72|47|77|2|19|70|2|2|4|4
195|g|쒀|10|54|15|20|17|70|30|87|16|52|15|54|1|40|77|0|0|0|0
196|򗴉|K|10|89|70|75|0|64|0|0|33|82|37|76|1|50|92|18|36|22|3
197||K|10|89|70|75|0|57|0|0|34|84|36|75|1|15|59|18|35|20|6
200|G|ym|10|61|25|35|16|56|34|94|35|78|29|68|1|20|74|1|1|1|0
201||쒀|10|49|15|20|12|49|28|79|15|49|13|49|1|12|49|0|0|0|0
202||쒀|10|49|15|20|12|49|28|79|15|49|13|49|1|12|49|0|0|0|0
203||쒀|10|49|15|20|12|49|28|79|15|49|13|49|1|12|49|0|0|0|0
204|[|쒀|10|49|15|20|12|49|28|79|15|49|13|49|1|12|49|0|0|0|0
205|p_|쒀|10|49|15|20|12|49|28|79|15|49|13|49|1|12|49|0|0|0|0
206|g|쒀|10|49|15|20|12|49|28|79|15|49|13|49|1|12|49|0|0|0|0
207|g|쒀|10|49|15|20|12|49|28|79|15|49|13|49|1|12|49|0|0|0|0
208|~g|쒀|10|49|15|20|12|49|28|79|15|49|13|49|1|12|49|0|0|0|0
209|||10|89|90|120|72|94|0|0|28|79|67|89|3|12|69|3|3|3|3
210|b||10|89|90|120|72|94|0|0|28|79|67|89|3|12|69|3|3|3|3
211|Y||10|89|90|120|72|94|0|0|28|79|67|89|3|20|69|3|3|3|3
212|||10|89|90|120|72|94|0|0|28|79|67|89|3|12|69|3|3|3|3
213|V|ym|10|54|25|25|20|59|24|79|12|49|28|59|2|12|59|0|0|0|0
214|c|ym|10|54|25|25|20|59|24|79|12|49|28|59|2|12|59|0|0|0|0
215||ym|10|59|25|30|20|69|24|89|15|69|29|69|2|12|59|1|1|1|0
216||ym|10|59|25|30|20|59|24|79|15|59|29|59|2|12|59|1|1|1|0
217|ؑ\|ym|10|59|25|30|20|59|24|79|15|59|29|59|2|12|59|1|1|1|0
218|ǉ|ym|10|59|25|30|20|69|24|89|15|69|29|69|2|12|59|1|1|1|0
219|܏\|ym|10|59|25|30|18|59|24|79|40|59|29|59|2|12|59|1|1|1|0
220|Rǉ|ym|10|59|25|30|20|59|24|79|15|59|29|59|2|12|59|1|1|1|0
221||ym|10|59|25|30|20|69|24|89|15|59|29|59|2|12|59|1|1|1|0
222||ym|10|59|25|30|20|59|24|79|15|69|29|69|2|12|59|1|1|1|0
223|_ʉ|ym|10|59|25|30|20|59|24|79|15|59|29|59|2|12|59|1|1|1|0
224|߉ω|ym|10|59|25|30|20|59|24|79|15|59|29|59|2|12|59|1|1|1|0
225|z|쒀|10|49|15|20|12|49|28|79|16|49|14|49|1|12|59|0|0|0|0
226|smΉ|쒀|10|49|15|20|12|49|28|79|16|49|14|49|1|12|59|0|0|0|0
227||쒀|10|49|15|20|12|49|28|79|16|49|14|49|1|12|59|0|0|0|0
228|ᕗ|쒀|10|49|15|20|12|59|28|89|16|59|14|59|1|60|99|0|0|0|0
229||쒀|10|59|20|25|14|59|48|99|16|59|14|59|1|12|59|0|0|0|0
230|O|쒀|10|49|15|20|12|49|28|79|15|49|13|49|1|12|59|0|0|0|0
231||쒀|10|49|15|20|12|49|28|79|15|49|13|49|1|12|59|0|0|0|0
232||쒀|10|49|15|20|12|49|28|79|15|49|13|49|1|12|59|0|0|0|0
233||쒀|10|49|15|20|12|49|28|79|15|49|13|49|1|20|79|0|0|0|0
234|ŉ|쒀|10|49|15|20|12|49|28|79|15|49|13|49|1|12|59|0|0|0|0
235||쒀|10|49|15|20|12|49|28|79|15|49|13|49|1|12|59|0|0|0|0
236||쒀|10|49|15|20|12|49|28|79|15|49|13|49|1|12|59|0|0|0|0
237|d|쒀|10|49|15|20|12|49|28|79|15|49|13|49|1|12|59|0|0|0|0
238|t|쒀|10|48|15|20|12|49|28|79|15|49|13|49|1|12|59|0|0|0|0
239|q|쒀|10|48|15|20|12|49|28|79|15|49|13|49|1|12|59|0|0|0|0
240|t|쒀|10|48|15|20|12|49|28|79|15|49|13|49|1|12|59|0|0|0|0
241||쒀|10|48|15|20|12|49|28|79|15|49|13|49|1|12|59|0|0|0|0
242|I|쒀|10|48|15|20|12|49|28|79|15|49|14|49|1|12|59|0|0|0|0
243|J|쒀|10|48|15|20|12|49|28|79|15|49|14|49|1|12|59|0|0|0|0
244|J|쒀|10|48|15|20|12|49|28|79|15|49|14|49|1|12|59|0|0|0|0
245|[|쒀|10|48|15|20|12|49|28|79|15|49|14|49|1|12|59|0|0|0|0
246|܌J|쒀|10|48|15|20|12|49|28|79|15|49|14|49|1|12|59|0|0|0|0
247||쒀|10|48|15|20|12|49|28|79|15|49|14|49|1|12|59|0|0|0|0
248||쒀|10|49|15|20|12|49|28|79|16|49|14|49|1|12|59|0|0|0|0
249|咪|쒀|10|49|15|20|12|49|28|79|16|49|14|49|1|12|59|0|0|0|0
250||쒀|10|49|15|20|12|49|28|79|16|49|14|49|1|12|59|0|0|0|0
251|r|쒀|10|49|15|20|12|49|28|79|16|49|14|49|1|12|59|0|0|0|0
252|ŉ|쒀|10|49|15|20|12|49|28|79|16|49|14|49|1|12|59|0|0|0|0
253||쒀|10|49|15|20|12|49|28|79|16|49|14|49|1|20|79|0|0|0|0
254|r|쒀|10|39|15|15|9|39|18|69|12|39|11|39|1|12|59|0|0|0|0
255|@|쒀|10|39|15|15|9|39|18|69|12|39|11|39|1|12|59|0|0|0|0
256|H|쒀|10|39|15|15|9|39|18|69|12|39|11|39|1|12|59|0|0|0|0
257||쒀|10|39|15|15|9|39|18|69|12|39|11|39|1|12|59|0|0|0|0
258||쒀|10|39|15|15|9|39|18|69|12|39|11|39|1|20|79|0|0|0|0
259|e|쒀|10|39|15|15|9|39|18|69|12|39|11|39|1|12|59|0|0|0|0
260|O|쒀|10|39|15|15|9|39|18|69|12|39|11|39|1|12|59|0|0|0|0
261|]|쒀|10|39|15|15|9|39|18|69|12|39|11|39|1|12|59|0|0|0|0
262|Ñ|dm|10|65|35|55|36|70|18|59|18|59|32|70|2|10|59|2|2|2|2
263|É|dm|10|65|35|55|36|70|18|59|18|59|32|70|2|10|59|2|2|2|2
264|t|dm|10|65|35|55|36|72|18|59|18|59|34|70|2|30|79|2|2|2|2
265||dm|10|69|40|70|48|76|24|79|18|69|42|73|2|10|59|2|2|2|2
266|ߒq|dm|10|69|40|70|48|76|24|69|18|69|42|73|2|10|59|2|2|2|2
267||dm|10|69|40|70|48|77|24|69|18|69|42|73|2|10|59|2|2|2|2
268|H|dm|10|69|40|70|48|77|24|69|18|69|42|73|2|10|59|2|2|2|2
269|Y|dm|10|69|40|70|48|77|24|79|20|69|45|75|2|10|59|2|2|2|2
270||dm|10|69|40|70|48|77|24|79|20|69|45|75|2|10|59|2|2|2|2
271||dm|10|69|40|70|43|78|24|69|55|89|45|75|2|10|59|2|2|2|2
272|C|dm|10|69|40|70|48|78|24|69|20|69|45|75|2|10|59|2|2|2|2
273||dm|10|69|45|65|42|76|24|79|24|79|46|77|2|10|59|4|4|4|4
274|}|dm|10|69|45|65|42|76|24|79|24|79|46|77|2|10|59|4|4|4|4
275|||5|98|100|160|90|99|0|0|33|99|85|98|3|32|99|3|3|3|3
276|||5|98|100|160|90|99|0|0|33|99|85|98|3|6|59|3|3|3|3
277|ԏ|K|10|92|75|75|0|49|0|0|35|79|40|79|1|12|59|20|20|32|10
278||K|10|92|80|80|0|49|0|0|30|79|40|79|1|12|59|20|20|46|12
279||K|10|89|65|65|0|39|0|0|30|79|35|69|1|12|59|18|27|18|10
280|򗴉|K|10|89|65|65|0|39|0|0|30|79|35|69|1|40|89|18|27|18|10
281|鈉|y|10|69|40|40|0|29|0|0|20|39|25|59|1|12|59|9|24|5|5
282|˖P|y|10|69|40|40|0|29|0|0|18|39|25|59|1|12|59|18|12|12|6
283||y|5|79|45|45|0|29|0|0|25|69|30|59|1|12|59|18|18|18|12
284||y|5|79|45|45|0|29|0|0|25|69|30|59|1|30|79|18|18|18|12
285|Pĉ|y|5|59|30|30|0|29|0|0|15|39|25|49|1|30|79|14|16|12|0
286|}K|q|5|89|95|105|63|79|0|0|40|89|72|89|3|10|59|10|10|10|10
287|R|q|5|89|95|105|63|79|0|0|40|89|72|89|3|10|59|10|10|10|10
288|Ē߉|K|10|90|65|70|0|39|0|0|40|79|42|72|1|12|89|24|24|24|12
289|S{|ym|10|59|25|35|20|59|24|79|15|59|29|59|2|12|59|1|1|1|0
290|G|ym|10|59|25|35|20|59|24|79|15|59|29|59|2|12|59|1|1|1|0
291|΍q|y|10|79|45|40|0|34|0|0|27|69|32|64|1|12|59|24|16|8|8
292|cq|y|10|79|45|40|0|34|0|0|27|69|32|64|1|12|59|24|16|8|8
293|[|ym|10|49|25|40|23|63|24|79|20|69|28|49|2|17|69|0|0|0|0
294||쒀|10|49|15|20|12|49|28|79|16|49|14|49|1|12|59|0|0|0|0
295|ߊ}|dm|10|65|35|60|36|66|18|59|18|59|34|64|2|10|59|2|2|2|2
296|΍q|y|10|79|45|40|0|34|0|0|30|72|32|65|1|13|59|24|16|11|8
297|cq|y|10|79|45|40|0|34|0|0|30|72|32|65|1|13|59|24|16|11|8
300||쒀|10|49|15|20|12|49|28|79|16|49|14|49|1|12|59|0|0|0|0
301|H_|쒀|10|49|15|20|8|44|28|79|22|59|14|49|1|15|59|0|0|0|0
302|[_|쒀|10|49|15|20|12|50|28|80|16|50|14|49|1|12|59|0|0|0|0
303|_|쒀|10|49|15|20|12|50|28|80|16|50|14|49|1|12|59|0|0|0|0
304|g|쒀|10|49|15|20|12|50|28|80|16|50|14|49|1|14|59|0|0|0|0
305||ym|10|62|30|40|28|66|24|79|20|72|31|69|2|10|59|2|2|2|0
306|\|ym|10|62|30|40|28|66|24|79|20|72|31|69|2|10|64|2|2|2|0
307||ym|10|63|30|40|28|68|24|79|22|74|32|69|2|14|69|2|2|2|0
308|퐶|쒀|10|39|15|15|9|39|18|69|12|39|11|39|1|12|59|0|0|0|0
309|K|쒀|10|39|15|15|7|34|18|69|18|49|12|39|1|14|59|0|0|0|0
310|Z1|쒀|10|59|20|25|11|45|25|70|15|45|15|45|1|12|49|0|0|0|0
311|Z3|쒀|10|59|20|25|11|45|25|70|15|45|15|45|1|12|49|0|0|0|0
312|l|쒀|10|49|15|20|12|48|28|79|22|60|14|49|1|17|59|0|0|0|0
313|J|쒀|10|49|15|20|12|48|28|79|16|49|14|49|1|16|59|0|0|0|0
314||ym|10|62|30|40|27|64|23|78|19|73|31|69|2|30|74|2|2|2|0
315|VÕP||||||||||||||||||||
316|VÕ|쒀|10|54|20|20|12|49|32|84|23|63|14|61|1|17|69|0|0|0|0
317|Y|쒀|10|49|15|20|12|48|28|79|16|49|14|49|1|13|59|0|0|0|0
318|P|y|5|70|35|40|0|32|0|0|28|62|24|57|1|24|79|21|9|9|6
319||dm|10|71|45|75|50|80|36|88|28|80|47|78|2|32|79|2|2|4|4
320|镗|쒀|10|49|15|20|12|48|28|79|24|64|14|49|1|18|59|0|0|0|0
321|嗄|ym|10|64|35|35|32|63|0|49|22|74|32|68|2|30|79|0|6|6|0
322|Õ|쒀|10|49|15|20|12|48|28|79|16|49|14|49|1|12|59|0|0|0|0
323|tJ|쒀|10|49|15|20|12|49|28|79|15|49|14|49|1|12|59|0|0|0|0
324||쒀|10|49|15|20|12|50|28|80|16|50|14|49|1|12|59|0|0|0|0
325||쒀|10|49|15|20|12|50|28|80|16|50|14|49|1|13|59|0|0|0|0
326|t|쒀|10|52|15|20|13|52|32|88|23|73|14|51|1|16|59|0|0|0|0
327|_|쒀|10|49|15|20|12|49|28|79|16|49|14|49|1|12|59|0|0|0|0
328|R_|쒀|10|49|15|20|12|49|28|79|16|49|14|48|1|11|58|0|0|0|0
329|앪|쒀|10|49|15|20|12|48|28|79|16|49|14|49|1|13|59|0|0|0|0
330|H|쒀|10|57|20|25|24|57|24|54|80|116|16|53|1|12|69|0|0|0|0
331|V|K|10|79|50|45|0|25|0|0|27|72|26|51|1|13|59|18|24|3|6
332||K|10|79|50|45|0|25|0|0|27|72|27|52|1|20|69|18|24|3|6
333|_|K|10|79|50|45|0|25|0|0|27|72|27|52|1|20|69|18|24|3|6
334|U-511||5|18|10|20|3|12|27|64|0|0|6|20|1|34|67|0|0|0|0
343||Km|5|54|35|20|16|36|14|40|24|48|15|39|2|12|54|2|2|2|2
344||쒀|10|49|15|20|12|47|28|78|22|62|14|49|1|18|68|0|0|0|0
345|g|쒀|10|49|15|20|12|50|28|80|16|50|14|49|1|10|57|0|0|0|0
346|ƌ|쒀|10|57|20|25|24|58|25|56|80|114|16|52|1|11|59|0|0|0|0
347|Libeccio|쒀|10|46|15|20|11|48|27|72|20|59|15|50|1|16|69|0|0|0|0
348||@|5|62|40|45|18|45|15|72|18|44|24|48|1|10|54|12|12|8|0
349|_|쒀|10|49|15|20|12|50|29|81|17|51|14|49|1|14|69|0|0|0|0
350|C|쒀|10|48|15|20|12|49|28|79|16|50|14|49|1|13|64|0|0|0|0
351|]|쒀|10|48|15|20|12|49|29|80|15|49|14|49|1|12|59|0|0|0|0
352|z|⋋|5|50|120|20|8|36|0|0|20|48|6|19|1|8|44|6|3|1|0
353|Graf Zeppelin|K|10|92|70|80|15|50|0|0|44|80|42|80|2|7|47|30|13|10|3
354||쒀|10|49|15|20|12|49|28|79|16|49|14|49|1|12|63|0|0|0|0
355||쒀|10|49|15|20|13|50|28|79|16|49|14|49|1|12|63|0|0|0|0
356||Km|5|54|35|20|14|37|13|39|22|62|15|39|2|20|79|2|2|2|2
357||쒀|10|57|20|25|25|60|24|54|80|110|17|54|1|8|52|0|0|0|0
358|Zara|dm|10|68|45|65|42|75|0|40|22|72|46|76|3|12|56|2|2|2|2
359|g|쒀|10|49|15|20|12|50|29|81|16|50|14|49|1|12|59|0|0|0|0
398|168||5|19|10|20|3|11|30|69|0|0|5|18|1|10|49|0|0|0|0
399|58||5|24|10|25|3|12|36|84|0|0|5|19|1|50|79|1|1|0|0
400|8||5|25|10|25|4|14|36|84|0|0|5|19|1|25|69|1|1|0|0
401|19||5|24|10|25|3|12|42|89|0|0|5|19|1|13|59|1|1|0|0
402|܂||5|13|10|10|1|5|0|19|0|0|2|11|1|7|77|0|0|0|0
403|401||5|39|25|30|6|19|40|80|0|0|7|24|1|20|59|3|3|0|0
404|_|K|10|79|50|45|0|27|0|0|28|72|26|52|1|10|49|18|24|3|6
405|tJ|쒀|10|32|15|20|10|29|24|69|9|39|6|19|1|10|49|0|0|0|0
406|_|K|10|84|50|55|0|48|0|0|32|78|35|77|1|12|59|18|21|27|3
407||쒀|10|53|15|20|10|50|25|80|24|74|15|55|1|32|80|0|0|0|0
408||y|5|82|45|50|0|40|0|0|36|74|31|62|1|41|84|24|18|20|4
409||쒀|10|34|15|20|10|30|24|69|9|39|6|19|1|11|49|0|0|0|0
410||쒀|10|34|15|20|10|30|24|69|9|39|6|19|1|12|49|0|0|0|0
411|}K|q|5|94|105|140|80|99|0|0|44|88|72|90|3|13|69|4|4|9|23
412|R|q|5|94|105|140|80|98|0|0|43|87|73|91|3|14|70|4|4|9|23
413|_|쒀|10|33|15|20|10|29|24|69|9|39|6|19|1|8|49|0|0|0|0
414|R_|쒀|10|33|15|20|10|29|24|69|9|39|6|19|1|7|49|0|0|0|0
415|앪|쒀|10|34|15|20|10|29|24|69|12|44|6|19|1|14|49|0|0|0|0
416|Ñ|dm|10|65|35|65|39|77|24|75|22|64|34|72|2|14|64|2|2|2|2
417|É|dm|10|64|35|65|40|78|25|77|24|65|33|72|2|12|62|2|2|2|2
419||쒀|10|52|15|20|12|50|28|84|34|79|14|51|1|53|100|0|0|0|0
420|p_|쒀|10|49|15|20|14|55|32|89|27|74|14|50|1|15|57|0|0|0|0
421|H|쒀|10|40|20|25|16|48|16|48|70|104|9|27|1|10|59|0|0|0|0
422|ƌ|쒀|10|40|20|25|16|49|16|49|70|103|9|26|1|9|49|0|0|0|0
423||쒀|10|40|20|25|18|50|15|47|70|101|9|28|1|7|47|0|0|0|0
424|g|쒀|10|34|15|20|10|30|24|69|9|39|6|19|1|8|44|0|0|0|0
425||쒀|10|34|15|20|10|29|24|68|9|44|6|19|1|16|59|0|0|0|0
426||쒀|10|49|15|20|15|59|30|88|35|78|14|50|1|17|77|0|0|0|0
427|C|dm|10|72|45|80|55|85|35|86|24|70|46|78|2|19|68|3|3|3|3
428||dm|10|71|45|80|42|77|34|84|72|106|48|78|2|14|64|3|3|3|3
429|V|K|10|84|50|55|0|45|0|0|33|79|35|76|1|17|69|18|21|27|3
430||K|10|84|50|55|0|45|0|0|32|78|36|78|1|30|79|18|21|27|3
431|U-511||5|16|10|20|2|8|22|58|0|0|4|16|1|30|63|0|0|0|0
432|Graf Zeppelin|K|10|89|55|65|10|40|0|0|40|70|29|57|2|4|39|20|13|10|0
434|r|쒀|10|43|15|15|10|45|28|79|16|56|12|43|1|14|64|0|0|0|0
435|@|쒀|10|43|15|15|10|46|28|80|18|57|12|43|1|13|60|0|0|0|0
436|C500||5|19|10|20|4|13|30|69|0|0|7|21|1|44|77|0|0|0|0
437|ŉ|쒀|10|50|15|20|14|60|32|90|19|59|14|50|1|15|67|0|0|0|0
441|Littorio||10|94|130|150|78|97|0|0|40|72|72|86|4|20|69|3|3|3|3
442|Roma||10|94|130|150|79|98|0|0|44|74|71|85|4|6|39|3|3|3|3
443|Libeccio|쒀|10|30|15|20|9|27|22|58|11|41|7|18|1|12|59|0|0|0|0
445|HÏF|@|5|44|50|10|6|18|0|0|12|36|9|25|1|12|59|1|1|0|0
446|Italia||10|98|140|170|81|102|0|0|44|90|77|92|4|30|79|3|3|3|3
447|Roma||10|98|140|170|82|105|0|0|46|94|76|90|4|8|57|3|3|3|3
448|Zara|dm|10|55|45|60|36|58|0|28|18|62|36|52|3|10|48|2|2|2|0
450|HÏF|@|5|48|60|15|8|28|0|0|16|44|13|42|1|14|72|1|1|1|0
451||@|5|59|35|35|12|36|0|32|16|32|19|42|1|8|39|12|12|0|0
452|g|쒀|10|34|15|20|10|30|24|69|9|38|6|19|1|10|49|0|0|0|0
453|_|쒀|10|34|15|20|10|30|25|70|10|40|6|19|1|13|54|0|0|0|0
454||쒀|10|34|15|20|10|29|24|69|9|39|6|19|1|11|49|0|0|0|0
455||쒀|10|34|15|20|11|30|24|69|9|39|6|19|1|11|49|0|0|0|0
458|C|쒀|10|32|15|20|10|29|24|69|10|40|6|19|1|10|49|0|0|0|0
459|]|쒀|10|32|15|20|10|29|25|70|9|39|6|19|1|10|49|0|0|0|0
460|z|⋋|5|50|100|15|4|22|0|0|10|32|3|15|1|7|39|6|1|0|0
461|Ē߉|K|10|93|90|85|0|63|0|0|48|88|43|77|2|20|97|27|27|27|12
462|߉|K|10|93|90|85|0|56|0|0|54|90|44|78|2|50|99|28|26|26|13
464||쒀|10|53|15|20|16|63|33|92|24|72|14|50|1|37|97|0|0|0|0
465||Km|5|48|30|15|13|27|11|24|15|46|9|27|2|20|69|1|1|1|0
466|Ē߉b|b|10|94|100|85|0|70|0|0|48|88|49|83|2|20|97|34|21|12|9
467|߉b|b|10|94|100|85|0|65|0|0|54|90|49|84|2|50|99|34|24|12|6
470||쒀|10|53|15|20|12|59|30|83|32|80|15|52|1|37|97|0|0|0|0
501|쒀C|쒀|10|0|0|0|0|0|0|0|0|0|0|0|0|0|0|?|?|?|?
502|쒀|쒀|10|0|0|0|0|0|0|0|0|0|0|0|0|0|0|?|?|?|?
503|쒀n|쒀|10|0|0|0|0|0|0|0|0|0|0|0|0|0|0|?|?|?|?
504|쒀j|쒀|10|0|0|0|0|0|0|0|0|0|0|0|0|0|0|?|?|?|?
505|yz|ym|10|0|0|0|0|0|0|0|0|0|0|0|0|0|0|?|?|?|?
506|yw|ym|10|0|0|0|0|0|0|0|0|0|0|0|0|0|0|?|?|?|?
507|yg|ym|10|0|0|0|0|0|0|0|0|0|0|0|0|0|0|?|?|?|?
508|`|dm|10|0|0|0|0|0|0|0|0|0|0|0|0|0|0|?|?|?|?
509|d|dm|10|0|0|0|0|0|0|0|0|0|0|0|0|0|0|?|?|?|?
510|yk|y|5|0|0|0|0|0|0|0|0|0|0|0|0|0|0|?|?|?|?
511|̓||5|0|0|0|0|0|0|0|0|0|0|0|0|0|0|?|?|?|?
512|ꃒ|K|10|0|0|0|0|0|0|0|0|0|0|0|0|0|0|?|?|?|?
513|A|⋋|5|0|0|0|0|0|0|0|0|0|0|0|0|0|0|?|?|?|?
514|쒀C elite|쒀|10|0|0|0|0|0|0|0|0|0|0|0|0|0|0|?|?|?|?
515|쒀 elite|쒀|10|0|0|0|0|0|0|0|0|0|0|0|0|0|0|?|?|?|?
516|쒀n elite|쒀|10|0|0|0|0|0|0|0|0|0|0|0|0|0|0|?|?|?|?
517|쒀j elite|쒀|10|0|0|0|0|0|0|0|0|0|0|0|0|0|0|?|?|?|?
518|yz elite|ym|10|0|0|0|0|0|0|0|0|0|0|0|0|0|0|?|?|?|?
519|yw elite|ym|10|0|0|0|0|0|0|0|0|0|0|0|0|0|0|?|?|?|?
520|yg elite|ym|10|0|0|0|0|0|0|0|0|0|0|0|0|0|0|?|?|?|?
521|` elite|dm|10|0|0|0|0|0|0|0|0|0|0|0|0|0|0|?|?|?|?
522|d elite|dm|10|0|0|0|0|0|0|0|0|0|0|0|0|0|0|?|?|?|?
523|yk elite|y|5|0|0|0|0|0|0|0|0|0|0|0|0|0|0|?|?|?|?
524|̓ elite||5|0|0|0|0|0|0|0|0|0|0|0|0|0|0|?|?|?|?
525|ꃒ elite|K|10|0|0|0|0|0|0|0|0|0|0|0|0|0|0|?|?|?|?
526|A elite|⋋|5|0|0|0|0|0|0|0|0|0|0|0|0|0|0|?|?|?|?
527|d flagship|dm|10|0|0|0|0|0|0|0|0|0|0|0|0|0|0|?|?|?|?
528|ꃒ flagship|K|10|0|0|0|0|0|0|0|0|0|0|0|0|0|0|?|?|?|?
529|̓ flagship||5|0|0|0|0|0|0|0|0|0|0|0|0|0|0|?|?|?|?
530|J||5|0|0|0|0|0|0|0|0|0|0|0|0|0|0|?|?|?|?
531|||5|0|0|0|0|0|0|0|0|0|0|0|0|0|0|?|?|?|?
532|J elite||5|0|0|0|0|0|0|0|0|0|0|0|0|0|0|?|?|?|?
533| elite||5|0|0|0|0|0|0|0|0|0|0|0|0|0|0|?|?|?|?
534|J flagship||5|0|0|0|0|0|0|0|0|0|0|0|0|0|0|?|?|?|?
535| flagship||5|0|0|0|0|0|0|0|0|0|0|0|0|0|0|?|?|?|?
536|Vv|q|10|0|0|0|0|0|0|0|0|0|0|0|0|0|0|?|?|?|?
537|Vv|q|10|0|0|0|0|0|0|0|0|0|0|0|0|0|0|?|?|?|?
538|Vv|q|10|0|0|0|0|0|0|0|0|0|0|0|0|0|0|?|?|?|?
539|nS|q|5|0|0|0|0|0|0|0|0|0|0|0|0|0|0|?|?|?|?
540|nP|q|5|0|0|0|0|0|0|0|0|0|0|0|0|0|0|?|?|?|?
541|̓^||10|0|0|0|0|0|0|0|0|0|0|0|0|0|0|?|?|?|?
542|̓^ elite||10|0|0|0|0|0|0|0|0|0|0|0|0|0|0|?|?|?|?
543|̓^ flagship||10|0|0|0|0|0|0|0|0|0|0|0|0|0|0|?|?|?|?
544|bS|q|10|0|0|0|0|0|0|0|0|0|0|0|0|0|0|?|?|?|?
545|bP|q|10|0|0|0|0|0|0|0|0|0|0|0|0|0|0|?|?|?|?
546|S|q|5|0|0|0|0|0|0|0|0|0|0|0|0|0|0|?|?|?|?
547|S|q|5|0|0|0|0|0|0|0|0|0|0|0|0|0|0|?|?|?|?
548|P|q|5|0|0|0|0|0|0|0|0|0|0|0|0|0|0|?|?|?|?
549|qv|q|10|0|0|0|0|0|0|0|0|0|0|0|0|0|0|?|?|?|?
550|qv|q|10|0|0|0|0|0|0|0|0|0|0|0|0|0|0|?|?|?|?
551|qv|q|10|0|0|0|0|0|0|0|0|0|0|0|0|0|0|?|?|?|?
552|쒀 flagship|쒀|10|0|0|0|0|0|0|0|0|0|0|0|0|0|0|?|?|?|?
553|쒀n flagship|쒀|10|0|0|0|0|0|0|0|0|0|0|0|0|0|0|?|?|?|?
554|yz flagship|ym|10|0|0|0|0|0|0|0|0|0|0|0|0|0|0|?|?|?|?
555|yw flagship|ym|10|0|0|0|0|0|0|0|0|0|0|0|0|0|0|?|?|?|?
556|sP|q|0|0|0|0|0|0|0|0|0|0|0|0|0|0|0|?|?|?|?
557|͐P||5|0|0|0|0|0|0|0|0|0|0|0|0|0|0|?|?|?|?
558|A flagship|⋋|5|0|0|0|0|0|0|0|0|0|0|0|0|0|0|?|?|?|?
559|` flagship|dm|10|0|0|0|0|0|0|0|0|0|0|0|0|0|0|?|?|?|?
560|yk flagship|y|5|0|0|0|0|0|0|0|0|0|0|0|0|0|0|?|?|?|?
561|̓|q|10|0|0|0|0|0|0|0|0|0|0|0|0|0|0|?|?|?|?
562|̓ elite|q|10|0|0|0|0|0|0|0|0|0|0|0|0|0|0|?|?|?|?
564|쒀C flagship|쒀|10|0|0|0|0|0|0|0|0|0|0|0|0|0|0|?|?|?|?
565|ꃒ flagship|K|10|0|0|0|0|0|0|0|0|0|0|0|0|0|0|?|?|?|?
566|d flagship|dm|10|0|0|0|0|0|0|0|0|0|0|0|0|0|0|?|?|?|?
567|̓ flagship||5|0|0|0|0|0|0|0|0|0|0|0|0|0|0|?|?|?|?
570|\||5|0|0|0|0|0|0|0|0|0|0|0|0|0|0|?|?|?|?
571|\ elite||5|0|0|0|0|0|0|0|0|0|0|0|0|0|0|?|?|?|?
572|\ flagship||5|0|0|0|0|0|0|0|0|0|0|0|0|0|0|?|?|?|?
573|`pP|q|0|0|0|0|0|0|0|0|0|0|0|0|0|0|0|?|?|?|?
574|S|q|0|0|0|0|0|0|0|0|0|0|0|0|0|0|0|?|?|?|?
575|쒀C^|쒀|10|0|0|0|0|0|0|0|0|0|0|0|0|0|0|?|?|?|?
576|쒀^|쒀|10|0|0|0|0|0|0|0|0|0|0|0|0|0|0|?|?|?|?
577|쒀n^|쒀|10|0|0|0|0|0|0|0|0|0|0|0|0|0|0|?|?|?|?
578|쒀j^|쒀|10|0|0|0|0|0|0|0|0|0|0|0|0|0|0|?|?|?|?
579|ꃒ flagship|K|10|0|0|0|0|0|0|0|0|0|0|0|0|0|0|?|?|?|?
581|kP|q|0|0|0|0|0|0|0|0|0|0|0|0|0|0|0|?|?|?|?
582|kP|q|0|0|0|0|0|0|0|0|0|0|0|0|0|0|0|?|?|?|?
583|ԐP|q|0|0|0|0|0|0|0|0|0|0|0|0|0|0|0|?|?|?|?
584|ԐP|q|0|0|0|0|0|0|0|0|0|0|0|0|0|0|0|?|?|?|?
585|ꐱS|K|10|0|0|0|0|0|0|0|0|0|0|0|0|0|0|?|?|?|?
586|ꐱP|K|10|0|0|0|0|0|0|0|0|0|0|0|0|0|0|?|?|?|?
587|kP|q|0|0|0|0|0|0|0|0|0|0|0|0|0|0|0|?|?|?|?
588|kP|q|0|0|0|0|0|0|0|0|0|0|0|0|0|0|0|?|?|?|?
589|kP|q|0|0|0|0|0|0|0|0|0|0|0|0|0|0|0|?|?|?|?
590|kP|q|0|0|0|0|0|0|0|0|0|0|0|0|0|0|0|?|?|?|?
591|yc|ym|10|0|0|0|0|0|0|0|0|0|0|0|0|0|0|?|?|?|?
592|yc elite|ym|10|0|0|0|0|0|0|0|0|0|0|0|0|0|0|?|?|?|?
594|dl|dm|10|0|0|0|0|0|0|0|0|0|0|0|0|0|0|?|?|?|?
595|dl elite|dm|10|0|0|0|0|0|0|0|0|0|0|0|0|0|0|?|?|?|?
597|쒀P|쒀|10|0|0|0|0|0|0|0|0|0|0|0|0|0|0|?|?|?|?
598|쒀P|쒀|10|0|0|0|0|0|0|0|0|0|0|0|0|0|0|?|?|?|?
599|ꐅS|K|10|0|0|0|0|0|0|0|0|0|0|0|0|0|0|?|?|?|?
600|ꐅS|K|10|0|0|0|0|0|0|0|0|0|0|0|0|0|0|?|?|?|?
601|yS|ym|10|0|0|0|0|0|0|0|0|0|0|0|0|0|0|?|?|?|?
602|yS|ym|10|0|0|0|0|0|0|0|0|0|0|0|0|0|0|?|?|?|?
603|͐S||5|0|0|0|0|0|0|0|0|0|0|0|0|0|0|?|?|?|?
604|͐S||5|0|0|0|0|0|0|0|0|0|0|0|0|0|0|?|?|?|?
605|`pS|q|0|0|0|0|0|0|0|0|0|0|0|0|0|0|0|?|?|?|?
606|`pS|q|0|0|0|0|0|0|0|0|0|0|0|0|0|0|0|?|?|?|?
607|`pS|q|0|0|0|0|0|0|0|0|0|0|0|0|0|0|0|?|?|?|?
608|`pS|q|0|0|0|0|0|0|0|0|0|0|0|0|0|0|0|?|?|?|?
609|nS|q|0|0|0|0|0|0|0|0|0|0|0|0|0|0|0|?|?|?|?
610|nS|q|0|0|0|0|0|0|0|0|0|0|0|0|0|0|0|?|?|?|?
611|nS|q|0|0|0|0|0|0|0|0|0|0|0|0|0|0|0|?|?|?|?
612|nS|q|0|0|0|0|0|0|0|0|0|0|0|0|0|0|0|?|?|?|?
613|`pP|q|0|0|0|0|0|0|0|0|0|0|0|0|0|0|0|?|?|?|?
614|ꃒ flagship|K|10|0|0|0|0|0|0|0|0|0|0|0|0|0|0|?|?|?|?
615|ꃒ flagship|K|10|0|0|0|0|0|0|0|0|0|0|0|0|0|0|?|?|?|?
616|ꃒ flagship|K|10|0|0|0|0|0|0|0|0|0|0|0|0|0|0|?|?|?|?
617|ꃒ flagship|K|10|0|0|0|0|0|0|0|0|0|0|0|0|0|0|?|?|?|?
618|ꃒ flagship|K|10|0|0|0|0|0|0|0|0|0|0|0|0|0|0|?|?|?|?
619|ꐱS|K|10|0|0|0|0|0|0|0|0|0|0|0|0|0|0|?|?|?|?
620|ꐱP|K|10|0|0|0|0|0|0|0|0|0|0|0|0|0|0|?|?|?|?
621|쒀C^ elite|쒀|10|0|0|0|0|0|0|0|0|0|0|0|0|0|0|?|?|?|?
622|쒀^ elite|쒀|10|0|0|0|0|0|0|0|0|0|0|0|0|0|0|?|?|?|?
623|쒀n^ elite|쒀|10|0|0|0|0|0|0|0|0|0|0|0|0|0|0|?|?|?|?
624|쒀j^ elite|쒀|10|0|0|0|0|0|0|0|0|0|0|0|0|0|0|?|?|?|?
625|ꐱP|@|5|0|0|0|0|0|0|0|0|0|0|0|0|0|0|?|?|?|?
626|ꐱP|@|5|0|0|0|0|0|0|0|0|0|0|0|0|0|0|?|?|?|?
627|ꐱP|@|5|0|0|0|0|0|0|0|0|0|0|0|0|0|0|?|?|?|?
628|h󐱕P|쒀|10|0|0|0|0|0|0|0|0|0|0|0|0|0|0|?|?|?|?
629|h󐱕P|쒀|10|0|0|0|0|0|0|0|0|0|0|0|0|0|0|?|?|?|?
630|h󐱕P|쒀|10|0|0|0|0|0|0|0|0|0|0|0|0|0|0|?|?|?|?
631|sP|q|0|0|0|0|0|0|0|0|0|0|0|0|0|0|0|?|?|?|?
632|sP|q|0|0|0|0|0|0|0|0|0|0|0|0|0|0|0|?|?|?|?
633|sP|q|0|0|0|0|0|0|0|0|0|0|0|0|0|0|0|?|?|?|?
634|S|q|0|0|0|0|0|0|0|0|0|0|0|0|0|0|0|?|?|?|?
635|S|q|0|0|0|0|0|0|0|0|0|0|0|0|0|0|0|?|?|?|?
636|S|q|0|0|0|0|0|0|0|0|0|0|0|0|0|0|0|?|?|?|?
637|PTSQ|쒀|10|0|0|0|0|0|0|0|0|0|0|0|0|0|0|?|?|?|?
638|PTSQ|쒀|10|0|0|0|0|0|0|0|0|0|0|0|0|0|0|?|?|?|?
639|PTSQ|쒀|10|0|0|0|0|0|0|0|0|0|0|0|0|0|0|?|?|?|?
640|PTSQ|쒀|10|0|0|0|0|0|0|0|0|0|0|0|0|0|0|?|?|?|?
641|yP|ym|10|0|0|0|0|0|0|0|0|0|0|0|0|0|0|?|?|?|?
642|yP|ym|10|0|0|0|0|0|0|0|0|0|0|0|0|0|0|?|?|?|?
643|yP|ym|10|0|0|0|0|0|0|0|0|0|0|0|0|0|0|?|?|?|?
644|P||5|0|0|0|0|0|0|0|0|0|0|0|0|0|0|?|?|?|?
645|P||5|0|0|0|0|0|0|0|0|0|0|0|0|0|0|?|?|?|?
646|P||5|0|0|0|0|0|0|0|0|0|0|0|0|0|0|?|?|?|?
647|쒀S|쒀|10|0|0|0|0|0|0|0|0|0|0|0|0|0|0|?|?|?|?
648|쒀S|쒀|10|0|0|0|0|0|0|0|0|0|0|0|0|0|0|?|?|?|?
649|쒀S|쒀|10|0|0|0|0|0|0|0|0|0|0|0|0|0|0|?|?|?|?
650|sP|q|0|0|0|0|0|0|0|0|0|0|0|0|0|0|0|?|?|?|?
651|sP|q|0|0|0|0|0|0|0|0|0|0|0|0|0|0|0|?|?|?|?
652|sP|q|0|0|0|0|0|0|0|0|0|0|0|0|0|0|0|?|?|?|?
653|WϒnP|q|0|0|0|0|0|0|0|0|0|0|0|0|0|0|0|?|?|?|?
654|WϒnP|q|0|0|0|0|0|0|0|0|0|0|0|0|0|0|0|?|?|?|?
655|WϒnP|q|0|0|0|0|0|0|0|0|0|0|0|0|0|0|0|?|?|?|?
656|WϒnP-|q|0|0|0|0|0|0|0|0|0|0|0|0|0|0|0|?|?|?|?
657|WϒnP-|q|0|0|0|0|0|0|0|0|0|0|0|0|0|0|0|?|?|?|?
658|WϒnP-|q|0|0|0|0|0|0|0|0|0|0|0|0|0|0|0|?|?|?|?
659|dP|dm|10|0|0|0|0|0|0|0|0|0|0|0|0|0|0|?|?|?|?
660|dP|dm|10|0|0|0|0|0|0|0|0|0|0|0|0|0|0|?|?|?|?
661|dP|dm|10|0|0|0|0|0|0|0|0|0|0|0|0|0|0|?|?|?|?
662|dP|dm|10|0|0|0|0|0|0|0|0|0|0|0|0|0|0|?|?|?|?
663|dP|dm|10|0|0|0|0|0|0|0|0|0|0|0|0|0|0|?|?|?|?
664|dP|dm|10|0|0|0|0|0|0|0|0|0|0|0|0|0|0|?|?|?|?
908|[|쒀|||||||||||||||||||
911|嗄||||||||||||||||||||
914|@||||||||||||||||||||
918|˖P||||||||||||||||||||
920|g||||||||||||||||||||
919|J||||||||||||||||||||
901|߉||||||||||||||||||||
903|J||||||||||||||||||||
904|||||||||||||||||||||
913|r||||||||||||||||||||
915|p_||||||||||||||||||||
902|߉ω||||||||||||||||||||
909|||||||||||||||||||||
912|嗄||||||||||||||||||||
905|||||||||||||||||||||
917|l||||||||||||||||||||
916|J||||||||||||||||||||
910|Ή||||||||||||||||||||